$ANSIBLE_VAULT;1.1;AES256
64633435313664653938366434366538313135636132383364626633376132323831616634333438
3635626633323065363663313739626661333638303036300a666339643938356535366562633031
33386135326163393565633033383731653361343139656337343164356636373131313962653334
3232343634616539370a373763383961336536666365626431636462663534353864323464653830
39366630313164633738313366633662623430616533356165626233653263323164636639393134
63306136326131643963646363303531623038623731653038633232383563653866376131613530
30356334383034373130336532653833616631666436376232313262333337303633396465626330
31643466653639333534643966613836643765383330666635396636613730353935646136353535
30313364313662616266346664363737626231643531393130303230316537663466346665373638
36653565353034626533616537643237316362303965666636633832323638363264633739353362
36313137326565353536656539653233346337643863386161653264613032316663313430353735
35613135343064343635613165616564653832313766343466643864346638343139656461626136
65393238336563333732613364333962356233323036343764356263613961653930383839613933
33663761393766323530376139326565663135396437303633623130366537333930386631356231
31616365386166373132363762383265303464343134623861323165656166363130373434303836
61356133386561633063343630313537376337306465346263313432326537383535326232316466
37386431363535373764303464633832366430376537376638343565613639363561346361613034
36643839663836666462636365643833386666646531393831303338303632373262653530333565
66383862313664653234633239613061326361643662626135636437336532393532636538343963
64636564643233336634303463623336623330316139346336316331396637323566383964663037
33336433646337633365393939663536343565356333376130393631386131633965326665303164
61323162393932323962353565366663336637313065383364353266343137666432326334623839
36343034356334393065316636386261303032326532393434333364363037643536373066333934
65646462666563633735626461336266383132616265613335646233323366643135613965306162
34393535663337613536613862653938626365343237376264376262666333633365396435313563
33363335336637303864383035653537653133343266663934326331373530656135653733646463
66356632313539313264393330626533653037313563666432623037616339643137303766643238
36383437666565653136313937626231313331306230656166336230373265386563393337663432
35353536306536373261643733393738616665316633346330653937653931646365666336613736
63663132656434613036333438356434373133373038363430363766383030613738323636663637
37643331346231323135363033626435613666373932353763613039353034633135333830646161
35613030663437386630343232333233346434326136643937323635303065343938643965383439
30386432613432383235336538613031336264326563373338393637633436373563376264353735
61643038643430383833626630313339316139663639333339636437323164636637656432326536
66323262653530663766303861656134333930666365306631636239663561613732323039373832
62616666353538303662343130623135643664666264376539656531653932623764356130383661
34323234376131396535656133326235366337313335616561353737393634346236343036353339
33393432616562396162356165623930333365306437383366396165323939326263333261636462
31366462393939623766623735383337333631313138343135626337646265623231346663316561
33303330633534643164313638653061336339613666353037353735613761653634323165393364
35313762616237366664366532633235306264326132346261376238383333303463353935303139
35326561313732383963303637643038373838333130626665346236666161363639356363316334
39373738316265383336383036633763353965666338623864323362616130653465323231366666
66626462636436633265396635303530376231396661636535613131343339373230386131653836
64363635313636633163663664656463616535653338323431373435356439616462376361333835
34333230363362303765623237386335666164393733376464623935363738313366363038656630
66663539633036306133633733393661623538396432323836363338656463663837343162306366
66343964306137396430343835343030383261333530643361626365643565376365336631616638
38393731646435313735393566643039653433383435356433393939316630396564336565343639
65326531313730653163653861616636643136373631353963643163643932383962366336343830
37333334393039346634363139326133396131656633343031626335666261653362326638393539
34636333396434353564626332333130366235623937346634616361326133616661383165366563
37316235333431616135376364636364616235333466656361623535376633613836343966626130
62633737656330313736353663643936613636383230646636323463343863666537306533633631
35303263373366306265633033333736346662643566633461366236326663356237636537363964
39376533366132333662633562373365306362353935303039333261363836346333373238306462
31393463346234383264303865646430373536386565393163333131383638613731396332376636
37386462363330336133633330326434343863353734326164396637373537636331313732346135
62653231623962666265333134313131616366663731623664333433306233393861633632333535
61633965376337653365316361613331383763616332643639316231356633383665356163646330
61323162303231313732643937623636653631363361333933623030633534323430306631393833
39386230303166323164613139393966663137336138653565326166306435656439613834633166
31316334383561646365306638653538666433666265613036356362346533393038313261613261
34363432396335393662646466316565646131373430346236393134376133326664363831303539
66373533353630323763643138646334616165386265373263306431316264313365613536633830
65383465363764376263396336663366633038663163306232623162653465323063633564333135
30393463663636333464353236336434656332643739353236393939633561616334653434326633
36303362393134323461633862343036656662373130666661356539323539663861366364383938
32383966653338316537653038386461643431663434363861333239343162646662356437656435
37616233623766663962333137366130613033646666666236386337613238336530623363663365
36376665643538386665653664306163303136363930376335646134353738383063396330666634
61346638363365656338633465356434366365373366653338333966646134626363653930613833
36356136373464373730326465336364643235613430363738316538373465316565316261346538
64653430636661316236306331313531303566633035303937383936316132393761666661333562
34663338383631613061343262316636333332363734353766303938616561666138626466306135
38626633643763373762353761363639356636343932333833386537326563386630653566333232
34343236386366383265353436646334353266616461366464373763373661333662326166356636
62383139643932633166363730643435643831333762396439646561306132326236326634313064
64633637313536383564396637353530393565333962393730323334666162396535356565393232
39363838616530633930643234646331613632383137366464626636626463613635373639646336
64336635323463303162376261656331326263623762626334633661373131623961656231636464
66316434356531343961616535396363383134336632383464663332663266383838303162376639
30653165333936376665373038633366343839346532386133663831653338346364326634353732
31373936336465323662306661326139326236653937666465313563313664303662376432653963
63393831623739653130346461376538376235313364346133343538363962306137386466376436
31356465386638653465326661396631376362313533316534623463386234663763323666353961
64616632663737626566343730363862303239376563393264346461303837343937633062623836
31373533653631623039383530343562623637336266376135633165326663633232646264613434
36643833363837366636316530333733333038376131336230643863646164346230366164623339
64636233623934306163643266623331366439363066343431666434613330356432633337353965
37323239303361333931383839306366636137316538393163623661336230623134383333373764
37663837643361646237396430633737666433356231666665386335646334633161353334383637
65313765613438396537326262653531326564613937623232636531343162646530633366656262
39633363343730303164333464353230646662383039666162613031343762613934393962626362
30376563663132383265396437396535366430326162633365636263643233303631336336343630
64656166303232373430353830623137656161346365636437383635353163313161663533323666
34346434643763383639316562376666643161643764326132316334396162383563363930336531
32393037646538393561386365343939666432656639616338303830353932643837366535663765
39653231636637656364313063623830383164323538373665336666393539623762333932643264
63353833373966303438356366366135613630303463633131313537663631386637393538353766
38666365393436376539633935303766326636386332643363303763323330306137396363323431
38383134303330383133366666313232303936643163336364303732303632663539646238363737
32306132323831663737323634313938623230643138613664626636346136323435336231313566
62366438633832313938396238626637613130613935643965663237373535613639656564386436
33303533346330306666643339666532393936636566313634386337343964626565313836386238
30356337326331353538303234653064323836333630316265616133376131643939363139386264
35336134373531353465393235346665613930653061653862386535613337333431623837333733
30633432643964626662613932626234306666323064383430663864363162666162396637376232
64613861623638383632323731323563303165393735623039656334666561643433666331623364
66613134383730643537636138323863323733366237326235666436326335393839366665613130
31366130306563303738333663386536326335646430656537303436376436366531363237366539
36363737373134356239313530623335343362353138313430343238646235303634613539316662
32373936336539373430373266366132313835623337323835633836353034373666643936633737
65653938393462363464303462333662353134396461373138646331383839303036346536363034
36643835353932356436663064356166666464636562373037666165363763666666653564336538
32386638653635663162386237616231313735306235656136653935363035373261626565616233
62376331373332653733373265363663666437643630643337316564626136653731323063313731
30363938616235356435373835643864343261303538356361376464633939373037313935383437
63306363623531303138386533336563313939626637363961393533626361333336303236396631
64353930316561663262623136306637313061353437313334623664613739653934373838393665
63373738356234623338333863623162363933613638636335616139366635363061363165646363
32326366396166376464643464346338343631313962366131643035363039663839646530363133
30383762613936373863373832643637383265646664666433343734336535363934633066346530
31663433373164323639653533316334353834623737373536373939613630333064393238316665
37636435363261623635623938326663613136343331316433326662353330376134383035323131
31666366383938653231633862393330633266656632386131346633396431353364353765303231
61623235373866306338323838663464313435373631663561326539616365663939386332633035
36653863373230306564656462383132643864623732326561393261393762343834656436323239
66373430386636396436333966303931343839333965616238643537313134646631313737623664
61373334356165383432366566393339356331313237353333336536343266313531366661633563
34353138643866623233666363643135353163383665373965633633323961303938636261616461
36313531643761363435333230396538643865623533366233383033333564653939326666363166
61346133646539616635393934633334643439633961303338313939623131373238373832343434
30323038306536626664666366623062626466343362333532626639346536343865323834326564
36613161633831303734316463373135306432363662323230643038663366396438636434646263
35626639303530303732343163356230306666613731663734653534393033653237373364333734
63373265633436373239376563386333353739353936353638396339303438336233623631383037
31316130356564376164383734376466353964303066366139356539336632353735643131623032
36396631616563303331663938373130643934306662643861393030666263313465643163386137
33653932356462316664343865386263346431316630333866636632393132306232623036633364
65333861646437306439396138643631346162666364396462373631353930356434636362393339
64623830653735663034313134323637663565613230323935383463623664613435356136653739
35393333643238303261363865313038633264383534666539366338386536336238376461636361
63316637353438316633653530336265643162393865613162313265623966373964393961633430
32386633653331363561623164363631653261613939633363663837353866346466363361326131
30326362396265306134663461306333353132376639343664353031393765323335303031656133
63353138306232363461623366356132666134363334393766336663633831646436323637653937
35643637656361643265326261333063313938333666666334343134663135306532656335343739
33303435616236313936333935313839393031323232363438613233333030616639343862386537
65366363333230373762383439643430396165636438343439393037353730613563343538663832
62613131636366303037393532363265646563326163376633306534363837313937333738643664
37623330643630633239393230383835306561363163386333626333393739346637363161356634
39333561316333306639373937373763393338373736393061323964646436353363316231386466
33316134303136376638613838653238643361326233643532313562356534363165323937346235
36323266396438666639626261313966616534373034386163363938393866376465343739616331
39613763313734366461323836316661303531636639383631336639353164626433303336363338
37633839663439313037353265306438333330663034313133643232643162363134363233653135
33313534353239356430613631656234636365643364386334396634336239366632653237303433
37633032666335393935306132643138383662323064333531323434353032623966633231333138
36323632323232616266633463613432333531343165336335303465326664623665353938393636
61306134316166383833656138623830636230636130396463656464663837636231316163613333
31363233386439663234636262333232346339393236326636306661363031373033626261363233
36663331356239373366633637643962333164656539376639353630643163613630363262343234
66373662343839353264323838646431313731386330663363396136393331663039343561643761
36383237393238353731613638353836386236353137333764336431626330623766363364616336
3639346462326136643735646630373331333734326461323530
